distance(0,0)
distance(1,4,0)
distance(2,1,3,0)
distance(3,4,2,3,0)
distance(4,4,2,3,1,0)
distance(5,9,5,8,5,5,0)
distance(6,7,4,6,3,3,4,0)
distance(7,6,3,5,3,3,4,4,0)
distance(8,6,3,5,3,3,5,4,3,0)
distance(9,7,4,6,4,4,3,3,4,4,0)
distance(10,8,6,7,6,6,6,6,5,5,6,0)
distance(11,9,7,8,7,7,5,6,6,6,6,5,0)
distance(12,8,6,7,6,6,6,6,5,5,6,4,5,0)
distance(13,3,4,2,4,4,7,6,5,5,6,6,7,6,0)
distance(14,7,5,6,5,5,6,5,5,5,5,5,6,5,6,0)
distance(15,7,5,6,5,5,5,4,4,4,4,4,5,4,5,4,0)
distance(16,6,3,5,3,3,5,4,3,3,4,5,6,5,5,5,4,0)
distance(17,7,3,6,3,3,5,4,3,3,4,5,5,5,5,4,3,1,0)
distance(18,5,1,4,2,2,5,4,3,3,4,6,6,6,4,5,4,3,3,0)
distance(19,5,2,4,1,1,5,2,3,3,4,6,6,6,4,5,4,3,3,2,0)
distance(20,5,2,4,1,1,5,3,3,3,4,6,6,6,4,5,4,3,3,2,1,0)
distance(21,10,6,9,6,6,1,4,4,5,4,6,5,6,7,6,5,5,5,5,5,5,0)
distance(22,8,5,7,4,4,4,1,4,4,3,5,5,5,6,5,4,4,4,4,3,3,4,0)
distance(23,7,3,6,3,3,4,4,1,3,4,5,5,5,5,4,3,3,3,3,3,3,4,4,0)
distance(24,7,3,6,3,3,5,4,3,1,4,5,5,5,5,4,3,3,3,3,3,3,5,4,3,0)
distance(25,8,5,7,5,5,4,3,4,4,1,5,5,5,6,5,4,4,4,4,4,4,3,3,4,4,0)
distance(26,0,4,1,4,4,9,7,6,6,7,8,9,8,3,7,7,6,7,5,5,5,10,8,7,7,8,0)
distance(27,8,5,7,5,5,6,6,5,5,6,6,5,5,6,1,4,5,5,5,5,5,6,5,5,5,5,8,0)
